lambda2: 100.000000 lp: 0.400000 beta: 1 1 1  
0.331361  5.17822e-18 0.331361 0.232389 1  0.377136 0 
 lambda2: 100.000000 lp: 0.400000 beta: 1 1 1  
beta: 1 1 0.809524  0.722641 0.809524 0.571616 0.716913  0.636072 0.569621 
 lambda2: 100.000000 lp: 0.400000 beta: 1 1 1  
beta: 1 1 0.809524  0.722641 0.809524 0.571616 0.716913  0.636072 0.569621 
 lambda2: 100.000000 lp: 0.400000 beta: 1 1 1  
0.331361  5.17822e-18 0.331361 0.232389 1  0.377136 0 
 lambda2: 100.000000 lp: 0.400000 beta: 1 1 1  
beta: 1 1 0.809524  0.722641 0.809524 0.571616 0.716913  0.636072 0.569621 
 lambda2: 100.000000 lp: 0.400000 beta: 1 1 1  
beta: 1 1 0.809524  0.722641 0.809524 0.571616 0.716913  0.636072 0.569621 
 lambda2: 100.000000 lp: 0.400000 beta: 1 1 1  
beta: 1 1 0.809524  0.722641 0.809524 0.571616 0.716913  0.636072 0.569621 
 