lambda2: 100.000000 lp: 0.100000 beta: 1 1 1  
beta: 1 0.329927  4.03569e-19 0.329927 0.234558 1  0.379988 0 
 lambda2: 100.000000 lp: 0.100000 beta: 1 1 0.354779  5.20024e-19 0.354779 0.238537 1  0.385192 0 
 lambda2: 100.000000 lp: 0.100000 beta: 1 1 0.354779  5.20024e-19 0.354779 0.238537 1  0.385192 0 
 lambda2: 100.000000 lp: 0.100000 beta: 1 1 1  
beta: 1 1 1  
0.747619  0.667568 0.747619 0.495741 0.745484  0.595488 0.514581 
 lambda2: 100.000000 lp: 0.100000 beta: 1 1 1  
beta: 1 1 1  
0.747619  0.667568 0.747619 0.495741 0.745484  0.595488 0.514581 
 lambda2: 100.000000 lp: 0.400000 beta: 1 1 1  
beta: 1 1 1  
0.57619  0.503042 0.604762 0.281305 0.631527  0.389232 0.244106 
 lambda2: 100.000000 lp: 0.400000 beta: 1 1 1  
beta: 1 1 0.809524  0.722641 0.809524 0.571616 0.716913  0.636072 0.569621 
 lambda2: 100.000000 lp: 0.100000 beta: 1 1 1  
beta: 1 1 0.914286  0.859383 0.914286 0.804803 0.858456  0.830764 0.802472 
 lambda2: 100.000000 lp: 0.100000 beta: 1 1 1  
beta: 1 1 0.914286  0.859383 0.914286 0.804803 0.858456  0.830764 0.802472 
 lambda2: 100.000000 lp: 0.100000 beta: 1 1 1  
0.2  0 0.2 0.198397 1  0.331104 0 
 lambda2: 100.000000 lp: 0.300000 beta: 1 1 1  
0.2  0 0.2 0.198397 1  0.331104 0 
 lambda2: 100.000000 lp: 0.500000 beta: 1 1 1  
0.2  0 0.2 0.198397 1  0.331104 0 
 lambda2: 100.000000 lp: 0.600000 beta: 1 1 1  
0.2  0 0.2 0.198397 1  0.331104 0 
 lambda2: 100.000000 lp: 0.800000 beta: 1 1 1  
0.2  0 0.2 0.198397 1  0.331104 0 
 lambda2: 100.000000 lp: 1.000000 beta: 1 1 1  
0.214  0.0251445 0.226 0.198972 0.947717  0.328893 0.00141448 
 lambda2: 100.000000 lp: 0.100000 beta: 1 1 1  
0.8855  0.925218 0.8935 0.817894 0.972472  0.88851 0.874991 
 lambda2: 100.000000 lp: 0.400000 beta: 1 1 1  
0.8705  0.895659 0.882 0.799207 0.932362  0.860665 0.843934 
 lambda2: 100.000000 lp: 0.400000 beta: 1 1 1  
beta: 1 1 0.809524  0.722641 0.809524 0.571616 0.716913  0.636072 0.569621 
 lambda2: 100.000000 lp: 0.400000 beta: 1 1 1  
beta: 1 1 1  
0.594301  0.530679 0.874491 0.792827 0.479371  0.597483 0.432696 
 lambda2: 100.000000 lp: 0.400000 beta: 1 1 1  
beta: 1 1 1  
0.976  0.958719 0.976 0.952935 0.954663  0.953798 0.948685 
 lambda2: 100.000000 lp: 0.100000 beta: 1 1 1  
beta: 1 1 1  
0.9685  0.943099 0.9685 0.935955 0.940729  0.938336 0.931499 
 lambda2: 100.000000 lp: 0.100000 beta: 1 1 1  
0.46098  0.00972029 0.569873 0.398635 0.539559  0.458513 0.00929261 
 lambda2: 100.000000 lp: 0.400000 beta: 1 1 1  
0.571688  0.0109916 0.573503 0.396212 0.983293  0.564829 0.0064861 
 